1	1000
1000	2000
2000	3000
3000	4000
4000	5000
5000	6000
6000	7000
7000	8000
8000	9000
9000	10000
10000	11000
11000	12000
12000	13000
13000	14000
14000	15000
15000	16000
16000	17000
17000	18000
18000	19000
19000	20000
20000	21000
21000	22000
22000	23000
23000	24000
24000	25000
25000	26000
26000	27000
27000	28000
28000	29000
29000	30000
30000	31000
31000	32000
32000	33000
33000	34000
34000	35000
35000	36000
36000	37000
37000	38000
38000	39000
39000	40000
40000	41000
41000	42000
42000	43000
43000	44000
44000	45000
45000	46000
46000	47000
47000	48000
48000	49000
49000	50000
50000	51000
51000	52000
52000	53000
53000	54000
54000	55000
55000	56000
56000	57000
57000	58000
58000	59000
59000	60000
60000	61000
61000	62000
62000	63000
63000	64000
64000	65000
65000	66000
66000	67000
67000	68000
68000	69000
69000	70000
70000	71000
71000	72000
72000	73000
73000	74000
74000	75000
75000	76000
76000	77000
77000	78000
78000	79000
79000	80000
80000	81000
81000	82000
82000	83000
83000	84000
84000	85000
85000	86000
86000	87000
87000	88000
88000	89000
89000	90000
90000	91000
91000	92000
92000	93000
93000	94000
94000	95000
95000	96000
96000	97000
97000	98000
98000	99000
99000	100000
100000	101000
101000	102000
102000	103000
103000	104000
104000	105000
105000	106000
106000	107000
107000	108000
108000	109000
109000	110000
110000	111000
111000	112000
112000	113000
113000	114000
114000	115000
115000	116000
116000	117000
117000	118000
118000	119000
119000	120000
120000	121000
121000	122000
122000	123000
123000	124000
124000	125000
125000	126000
126000	127000
127000	128000
128000	129000
129000	130000
130000	131000
131000	132000
132000	133000
133000	134000
134000	135000
135000	136000
136000	137000
137000	138000
138000	139000
139000	140000
140000	141000
141000	142000
142000	143000
143000	144000
144000	145000
145000	146000
146000	147000
147000	148000
148000	149000
149000	150000
150000	151000
151000	152000
152000	153000
153000	154000
154000	155000
155000	156000
156000	157000
157000	158000
158000	159000
159000	160000
160000	161000
161000	162000
162000	163000
163000	164000
164000	165000
165000	166000
166000	167000
167000	168000
168000	169000
169000	170000
170000	171000
171000	172000
172000	173000
173000	174000
174000	175000
175000	176000
176000	177000
177000	178000
178000	179000
179000	180000
180000	181000
181000	182000
182000	183000
183000	184000
184000	185000
185000	186000
186000	187000
187000	188000
188000	189000
189000	190000
190000	191000
191000	192000
192000	193000
193000	194000
194000	195000
195000	196000
196000	197000
197000	198000
198000	199000
199000	200000
200000	201000
201000	202000
202000	203000
203000	204000
204000	205000
205000	206000
206000	207000
207000	208000
208000	209000
209000	210000
210000	211000
211000	212000
212000	213000
213000	214000
214000	215000
215000	216000
216000	217000
217000	218000
218000	219000
219000	220000
220000	221000
221000	222000
222000	223000
223000	224000
224000	225000
225000	226000
226000	227000
227000	228000
228000	229000
229000	230000
230000	231000
231000	232000
232000	233000
233000	234000
234000	235000
235000	236000
236000	237000
237000	238000
238000	239000
239000	240000
240000	241000
241000	242000
242000	243000
243000	244000
244000	245000
245000	246000
246000	247000
247000	248000
248000	249000
249000	250000
250000	251000
251000	252000
252000	253000
253000	254000
254000	255000
255000	256000
256000	257000
257000	258000
258000	259000
259000	260000
260000	261000
261000	262000
262000	263000
263000	264000
264000	265000
265000	266000
266000	267000
267000	268000
268000	269000
269000	270000
270000	271000
271000	272000
272000	273000
273000	274000
274000	275000
275000	276000
276000	277000
277000	278000
278000	279000
279000	280000
280000	281000
281000	282000
282000	283000
283000	284000
284000	285000
285000	286000
286000	287000
287000	288000
288000	289000
289000	290000
290000	291000
291000	292000
292000	293000
293000	294000
294000	295000
295000	296000
296000	297000
297000	298000
298000	299000
299000	300000
300000	301000
301000	302000
302000	303000
303000	304000
304000	305000
305000	306000
306000	307000
307000	308000
308000	309000
309000	310000
310000	311000
311000	312000
312000	313000
313000	314000
314000	315000
315000	316000
316000	317000
317000	318000
318000	319000
319000	320000
320000	321000
321000	322000
322000	323000
323000	324000
324000	325000
325000	326000
326000	327000
327000	328000
328000	329000
329000	330000
330000	331000
331000	332000
332000	333000
333000	334000
334000	335000
335000	336000
336000	337000
337000	338000
338000	339000
339000	340000
340000	341000
341000	342000
342000	343000
343000	344000
344000	345000
345000	346000
346000	347000
347000	348000
348000	349000
349000	350000
350000	351000
351000	352000
352000	353000
353000	354000
354000	355000
355000	356000
356000	357000
357000	358000
358000	359000
359000	360000
360000	361000
361000	362000
362000	363000
363000	364000
364000	365000
365000	366000
366000	367000
367000	368000
368000	369000
369000	370000
370000	371000
371000	372000
372000	373000
373000	374000
374000	375000
375000	376000
376000	377000
377000	378000
378000	379000
379000	380000
380000	381000
381000	382000
382000	383000
383000	384000
384000	385000
385000	386000
386000	387000
387000	388000
388000	389000
389000	390000
390000	391000
391000	392000
392000	393000
393000	394000
394000	395000
395000	396000
396000	397000
397000	398000
398000	399000
399000	400000
400000	401000
401000	402000
402000	403000
403000	404000
404000	405000
405000	406000
406000	407000
407000	408000
408000	409000
409000	410000
410000	411000
411000	412000
412000	413000
413000	414000
414000	415000
415000	416000
416000	417000
417000	418000
418000	419000
419000	420000
420000	421000
421000	422000
422000	423000
423000	424000
424000	425000
425000	426000
426000	427000
427000	428000
428000	429000
429000	430000
430000	431000
431000	432000
432000	433000
433000	434000
434000	435000
435000	436000
436000	437000
437000	438000
438000	439000
439000	440000
440000	441000
441000	442000
442000	443000
443000	444000
444000	445000
445000	446000
446000	447000
447000	448000
448000	449000
449000	450000
450000	451000
451000	452000
452000	453000
453000	454000
454000	455000
455000	456000
456000	457000
457000	458000
458000	459000
459000	460000
460000	461000
461000	462000
462000	463000
463000	464000
464000	465000
465000	466000
466000	467000
467000	468000
468000	469000
469000	470000
470000	471000
471000	472000
472000	473000
473000	474000
474000	475000
475000	476000
476000	477000
477000	478000
478000	479000
479000	480000
480000	481000
481000	482000
482000	483000
483000	484000
484000	485000
485000	486000
486000	487000
487000	488000
488000	489000
489000	490000
490000	491000
491000	492000
492000	493000
493000	494000
494000	495000
495000	496000
496000	497000
497000	498000
498000	499000
499000	500000
500000	501000
501000	502000
502000	503000
503000	504000
504000	505000
505000	506000
506000	507000
507000	508000
508000	509000
509000	510000
510000	511000
511000	512000
512000	513000
513000	514000
514000	515000
515000	516000
516000	517000
517000	518000
518000	519000
519000	520000
520000	521000
521000	522000
522000	523000
523000	524000
524000	525000
525000	526000
526000	527000
527000	528000
528000	529000
529000	530000
530000	531000
531000	532000
532000	533000
533000	534000
534000	535000
535000	536000
536000	537000
537000	538000
538000	539000
539000	540000
540000	541000
541000	542000
542000	543000
543000	544000
544000	545000
545000	546000
546000	547000
547000	548000
548000	549000
549000	550000
550000	551000
551000	552000
552000	553000
553000	554000
554000	555000
555000	556000
556000	557000
557000	558000
558000	559000
559000	560000
560000	561000
561000	562000
562000	563000
563000	564000
564000	565000
565000	566000
566000	567000
567000	568000
568000	569000
569000	570000
570000	571000
571000	572000
572000	573000
573000	574000
574000	575000
575000	576000
576000	577000
577000	578000
578000	579000
579000	580000
580000	581000
581000	582000
582000	583000
583000	584000
584000	585000
585000	586000
586000	587000
587000	588000
588000	589000
589000	590000
590000	591000
591000	592000
592000	593000
593000	594000
594000	595000
595000	596000
596000	597000
597000	598000
598000	599000
599000	600000
600000	601000
601000	602000
602000	603000
603000	604000
604000	605000
605000	606000
606000	607000
607000	608000
608000	609000
609000	610000
610000	611000
611000	612000
612000	613000
613000	614000
614000	615000
615000	616000
616000	617000
617000	618000
618000	619000
619000	620000
620000	621000
621000	622000
622000	623000
623000	624000
624000	625000
625000	626000
626000	627000
627000	628000
628000	629000
629000	630000
630000	631000
631000	632000
632000	633000
633000	634000
634000	635000
635000	636000
636000	637000
637000	638000
638000	639000
639000	640000
640000	641000
641000	642000
642000	643000
643000	644000
644000	645000
645000	646000
646000	647000
647000	648000
648000	649000
649000	650000
650000	651000
651000	652000
652000	653000
653000	654000
654000	655000
655000	656000
656000	657000
657000	658000
658000	659000
659000	660000
660000	661000
661000	662000
662000	663000
663000	664000
664000	665000
665000	666000
666000	667000
667000	668000
668000	669000
669000	670000
670000	671000
671000	672000
672000	673000
673000	674000
674000	675000
675000	676000
676000	677000
677000	678000
678000	679000
679000	680000
680000	681000
681000	682000
682000	683000
683000	684000
684000	685000
685000	686000
686000	687000
687000	688000
688000	689000
689000	690000
690000	691000
691000	692000
692000	693000
693000	694000
694000	695000
695000	696000
696000	697000
697000	698000
698000	699000
699000	700000
700000	701000
701000	702000
702000	703000
703000	704000
704000	705000
705000	706000
706000	707000
707000	708000
708000	709000
709000	710000
710000	711000
711000	712000
712000	713000
713000	714000
714000	715000
715000	716000
716000	717000
717000	718000
718000	719000
719000	720000
720000	721000
721000	722000
722000	723000
723000	724000
724000	725000
725000	726000
726000	727000
727000	728000
728000	729000
729000	730000
730000	731000
731000	732000
732000	733000
733000	734000
734000	735000
735000	736000
736000	737000
737000	738000
738000	739000
739000	740000
740000	741000
741000	742000
742000	743000
743000	744000
744000	745000
745000	746000
746000	747000
747000	748000
748000	749000
749000	750000
750000	751000
751000	752000
752000	753000
753000	754000
754000	755000
755000	756000
756000	757000
757000	758000
758000	759000
759000	760000
760000	761000
761000	762000
762000	763000
763000	764000
764000	765000
765000	766000
766000	767000
767000	768000
768000	769000
769000	770000
770000	771000
771000	772000
772000	773000
773000	774000
774000	775000
775000	776000
776000	777000
777000	778000
778000	779000
779000	780000
780000	781000
781000	782000
782000	783000
783000	784000
784000	785000
785000	786000
786000	787000
787000	788000
788000	789000
789000	790000
790000	791000
791000	792000
792000	793000
793000	794000
794000	795000
795000	796000
796000	797000
797000	798000
798000	799000
799000	800000
800000	801000
801000	802000
802000	803000
803000	804000
804000	805000
805000	806000
806000	807000
807000	808000
808000	809000
809000	810000
810000	811000
811000	812000
812000	813000
813000	814000
814000	815000
815000	816000
816000	817000
817000	818000
818000	819000
819000	820000
820000	821000
821000	822000
822000	823000
823000	824000
824000	825000
825000	826000
826000	827000
827000	828000
828000	829000
829000	830000
830000	831000
831000	832000
832000	833000
833000	834000
834000	835000
835000	836000
836000	837000
837000	838000
838000	839000
839000	840000
840000	841000
841000	842000
842000	843000
843000	844000
844000	845000
845000	846000
846000	847000
847000	848000
848000	849000
849000	850000
850000	851000
851000	852000
852000	853000
853000	854000
854000	855000
855000	856000
856000	857000
857000	858000
858000	859000
859000	860000
860000	861000
861000	862000
862000	863000
863000	864000
864000	865000
865000	866000
866000	867000
867000	868000
868000	869000
869000	870000
870000	871000
871000	872000
872000	873000
873000	874000
874000	875000
875000	876000
876000	877000
877000	878000
878000	879000
879000	880000
880000	881000
881000	882000
882000	883000
883000	884000
884000	885000
885000	886000
886000	887000
887000	888000
888000	889000
889000	890000
890000	891000
891000	892000
892000	893000
893000	894000
894000	895000
895000	896000
896000	897000
897000	898000
898000	899000
899000	900000
900000	901000
901000	902000
902000	903000
903000	904000
904000	905000
905000	906000
906000	907000
907000	908000
908000	909000
909000	910000
910000	911000
911000	912000
912000	913000
913000	914000
914000	915000
915000	916000
916000	917000
917000	918000
918000	919000
919000	920000
920000	921000
921000	922000
922000	923000
923000	924000
924000	925000
925000	926000
926000	927000
927000	928000
928000	929000
929000	930000
930000	931000
931000	932000
932000	933000
933000	934000
934000	935000
935000	936000
936000	937000
937000	938000
938000	939000
939000	940000
940000	941000
941000	942000
942000	943000
943000	944000
944000	945000
945000	946000
946000	947000
947000	948000
948000	949000
949000	950000
950000	951000
951000	952000
952000	953000
953000	954000
954000	955000
955000	956000
956000	957000
957000	958000
958000	959000
959000	960000
960000	961000
961000	962000
962000	963000
963000	964000
964000	965000
965000	966000
966000	967000
967000	968000
968000	969000
969000	970000
970000	971000
971000	972000
972000	973000
973000	974000
974000	975000
975000	976000
976000	977000
977000	978000
978000	979000
979000	980000
980000	981000
981000	982000
982000	983000
983000	984000
984000	985000
985000	986000
986000	987000
987000	988000
988000	989000
989000	990000
990000	991000
991000	992000
992000	993000
993000	994000
994000	995000
995000	996000
996000	997000
997000	998000
998000	999000
999000	1000000
